49 0    0.0
49 1    0.0
49 2    0.0
49 3    0.0
49 4    0.0
49 5    0.0
49 6    0.0
49 7    0.0
49 8    0.0
49 9    0.0
49 10    0.0
49 11    0.0
49 12    0.0
49 13    0.0
49 14    0.0
49 15    0.0
49 16    0.0
49 17    0.0
49 18    0.0
49 19    0.0
49 20    0.0
49 21    0.0
49 22    0.0
49 23    0.0
49 24    0.0
49 25    0.0
49 26    0.0
49 27    0.0
49 28    0.0
49 29    0.0
49 30    0.0
49 31    0.0
49 32    0.0
49 33    0.0
49 34    0.0
49 35    0.0
49 36    0.0
49 37    0.0
49 38    0.0
49 39    0.0
49 40    0.0
49 41    0.0
49 42    0.0
49 43    0.0
49 44    0.0
49 45    0.0
49 46    0.0
49 47    0.0
49 48    0.0
49 49    0.0
48 0    0.0
48 1    0.1
48 2    0.2
48 3    0.3
48 4    0.4
48 5    0.5
48 6    0.6
48 7    0.7
48 8    0.8
48 9    0.9
48 10    1.0
48 11    1.1
48 12    1.2
48 13    1.2
48 14    1.3
48 15    1.4
48 16    1.4
48 17    1.5
48 18    1.5
48 19    1.6
48 20    1.6
48 21    1.6
48 22    1.6
48 23    1.6
48 24    1.7
48 25    1.7
48 26    1.6
48 27    1.6
48 28    1.6
48 29    1.6
48 30    1.6
48 31    1.5
48 32    1.5
48 33    1.4
48 34    1.4
48 35    1.3
48 36    1.2
48 37    1.2
48 38    1.1
48 39    1.0
48 40    0.9
48 41    0.8
48 42    0.7
48 43    0.6
48 44    0.5
48 45    0.4
48 46    0.3
48 47    0.2
48 48    0.1
48 49    0.0
47 0    0.0
47 1    0.2
47 2    0.4
47 3    0.6
47 4    0.9
47 5    1.1
47 6    1.3
47 7    1.5
47 8    1.7
47 9    1.8
47 10    2.0
47 11    2.2
47 12    2.3
47 13    2.5
47 14    2.6
47 15    2.7
47 16    2.8
47 17    2.9
47 18    3.0
47 19    3.1
47 20    3.2
47 21    3.2
47 22    3.3
47 23    3.3
47 24    3.3
47 25    3.3
47 26    3.3
47 27    3.3
47 28    3.2
47 29    3.2
47 30    3.1
47 31    3.0
47 32    2.9
47 33    2.8
47 34    2.7
47 35    2.6
47 36    2.5
47 37    2.3
47 38    2.2
47 39    2.0
47 40    1.8
47 41    1.7
47 42    1.5
47 43    1.3
47 44    1.1
47 45    0.9
47 46    0.6
47 47    0.4
47 48    0.2
47 49    0.0
46 0    0.0
46 1    0.3
46 2    0.6
46 3    1.0
46 4    1.3
46 5    1.6
46 6    1.9
46 7    2.2
46 8    2.5
46 9    2.7
46 10    3.0
46 11    3.2
46 12    3.5
46 13    3.7
46 14    3.9
46 15    4.1
46 16    4.2
46 17    4.4
46 18    4.5
46 19    4.6
46 20    4.7
46 21    4.8
46 22    4.9
46 23    4.9
46 24    4.9
46 25    4.9
46 26    4.9
46 27    4.9
46 28    4.8
46 29    4.7
46 30    4.6
46 31    4.5
46 32    4.4
46 33    4.2
46 34    4.1
46 35    3.9
46 36    3.7
46 37    3.5
46 38    3.2
46 39    3.0
46 40    2.7
46 41    2.5
46 42    2.2
46 43    1.9
46 44    1.6
46 45    1.3
46 46    1.0
46 47    0.6
46 48    0.3
46 49    0.0
45 0    0.0
45 1    0.4
45 2    0.9
45 3    1.3
45 4    1.7
45 5    2.1
45 6    2.5
45 7    2.9
45 8    3.3
45 9    3.6
45 10    4.0
45 11    4.3
45 12    4.6
45 13    4.9
45 14    5.2
45 15    5.4
45 16    5.6
45 17    5.8
45 18    6.0
45 19    6.2
45 20    6.3
45 21    6.4
45 22    6.5
45 23    6.5
45 24    6.5
45 25    6.5
45 26    6.5
45 27    6.5
45 28    6.4
45 29    6.3
45 30    6.2
45 31    6.0
45 32    5.8
45 33    5.6
45 34    5.4
45 35    5.2
45 36    4.9
45 37    4.6
45 38    4.3
45 39    4.0
45 40    3.6
45 41    3.3
45 42    2.9
45 43    2.5
45 44    2.1
45 45    1.7
45 46    1.3
45 47    0.9
45 48    0.4
45 49    0.0
44 0    0.0
44 1    0.5
44 2    1.1
44 3    1.6
44 4    2.1
44 5    2.6
44 6    3.1
44 7    3.6
44 8    4.1
44 9    4.5
44 10    4.9
44 11    5.3
44 12    5.7
44 13    6.1
44 14    6.4
44 15    6.7
44 16    7.0
44 17    7.2
44 18    7.4
44 19    7.6
44 20    7.8
44 21    7.9
44 22    8.0
44 23    8.1
44 24    8.1
44 25    8.1
44 26    8.1
44 27    8.0
44 28    7.9
44 29    7.8
44 30    7.6
44 31    7.4
44 32    7.2
44 33    7.0
44 34    6.7
44 35    6.4
44 36    6.1
44 37    5.7
44 38    5.3
44 39    4.9
44 40    4.5
44 41    4.1
44 42    3.6
44 43    3.1
44 44    2.6
44 45    2.1
44 46    1.6
44 47    1.1
44 48    0.5
44 49    0.0
43 0    0.0
43 1    0.6
43 2    1.3
43 3    1.9
43 4    2.5
43 5    3.1
43 6    3.7
43 7    4.3
43 8    4.8
43 9    5.4
43 10    5.9
43 11    6.4
43 12    6.8
43 13    7.2
43 14    7.6
43 15    8.0
43 16    8.3
43 17    8.6
43 18    8.9
43 19    9.1
43 20    9.3
43 21    9.4
43 22    9.5
43 23    9.6
43 24    9.6
43 25    9.6
43 26    9.6
43 27    9.5
43 28    9.4
43 29    9.3
43 30    9.1
43 31    8.9
43 32    8.6
43 33    8.3
43 34    8.0
43 35    7.6
43 36    7.2
43 37    6.8
43 38    6.4
43 39    5.9
43 40    5.4
43 41    4.8
43 42    4.3
43 43    3.7
43 44    3.1
43 45    2.5
43 46    1.9
43 47    1.3
43 48    0.6
43 49    0.0
42 0    0.0
42 1    0.7
42 2    1.5
42 3    2.2
42 4    2.9
42 5    3.6
42 6    4.3
42 7    4.9
42 8    5.6
42 9    6.2
42 10    6.8
42 11    7.3
42 12    7.9
42 13    8.4
42 14    8.8
42 15    9.2
42 16    9.6
42 17    9.9
42 18   10.2
42 19   10.5
42 20   10.7
42 21   10.9
42 22   11.0
42 23   11.1
42 24   11.1
42 25   11.1
42 26   11.1
42 27   11.0
42 28   10.9
42 29   10.7
42 30   10.5
42 31   10.2
42 32    9.9
42 33    9.6
42 34    9.2
42 35    8.8
42 36    8.4
42 37    7.9
42 38    7.3
42 39    6.8
42 40    6.2
42 41    5.6
42 42    4.9
42 43    4.3
42 44    3.6
42 45    2.9
42 46    2.2
42 47    1.5
42 48    0.7
42 49    0.0
41 0    0.0
41 1    0.8
41 2    1.7
41 3    2.5
41 4    3.3
41 5    4.1
41 6    4.8
41 7    5.6
41 8    6.3
41 9    7.0
41 10    7.7
41 11    8.3
41 12    8.9
41 13    9.4
41 14    9.9
41 15   10.4
41 16   10.8
41 17   11.2
41 18   11.6
41 19   11.8
41 20   12.1
41 21   12.3
41 22   12.4
41 23   12.5
41 24   12.6
41 25   12.6
41 26   12.5
41 27   12.4
41 28   12.3
41 29   12.1
41 30   11.8
41 31   11.6
41 32   11.2
41 33   10.8
41 34   10.4
41 35    9.9
41 36    9.4
41 37    8.9
41 38    8.3
41 39    7.7
41 40    7.0
41 41    6.3
41 42    5.6
41 43    4.8
41 44    4.1
41 45    3.3
41 46    2.5
41 47    1.7
41 48    0.8
41 49    0.0
40 0    0.0
40 1    0.9
40 2    1.8
40 3    2.7
40 4    3.6
40 5    4.5
40 6    5.4
40 7    6.2
40 8    7.0
40 9    7.8
40 10    8.5
40 11    9.2
40 12    9.9
40 13   10.5
40 14   11.0
40 15   11.6
40 16   12.0
40 17   12.5
40 18   12.8
40 19   13.1
40 20   13.4
40 21   13.6
40 22   13.8
40 23   13.9
40 24   14.0
40 25   14.0
40 26   13.9
40 27   13.8
40 28   13.6
40 29   13.4
40 30   13.1
40 31   12.8
40 32   12.5
40 33   12.0
40 34   11.6
40 35   11.0
40 36   10.5
40 37    9.9
40 38    9.2
40 39    8.5
40 40    7.8
40 41    7.0
40 42    6.2
40 43    5.4
40 44    4.5
40 45    3.6
40 46    2.7
40 47    1.8
40 48    0.9
40 49    0.0
39 0    0.0
39 1    1.0
39 2    2.0
39 3    3.0
39 4    4.0
39 5    4.9
39 6    5.9
39 7    6.8
39 8    7.7
39 9    8.5
39 10    9.3
39 11   10.1
39 12   10.8
39 13   11.5
39 14   12.1
39 15   12.6
39 16   13.2
39 17   13.6
39 18   14.0
39 19   14.4
39 20   14.7
39 21   14.9
39 22   15.1
39 23   15.2
39 24   15.3
39 25   15.3
39 26   15.2
39 27   15.1
39 28   14.9
39 29   14.7
39 30   14.4
39 31   14.0
39 32   13.6
39 33   13.2
39 34   12.6
39 35   12.1
39 36   11.5
39 37   10.8
39 38   10.1
39 39    9.3
39 40    8.5
39 41    7.7
39 42    6.8
39 43    5.9
39 44    4.9
39 45    4.0
39 46    3.0
39 47    2.0
39 48    1.0
39 49    0.0
38 0    0.0
38 1    1.1
38 2    2.2
38 3    3.2
38 4    4.3
38 5    5.3
38 6    6.4
38 7    7.3
38 8    8.3
38 9    9.2
38 10   10.1
38 11   10.9
38 12   11.7
38 13   12.4
38 14   13.1
38 15   13.7
38 16   14.2
38 17   14.7
38 18   15.2
38 19   15.6
38 20   15.9
38 21   16.1
38 22   16.3
38 23   16.5
38 24   16.5
38 25   16.5
38 26   16.5
38 27   16.3
38 28   16.1
38 29   15.9
38 30   15.6
38 31   15.2
38 32   14.7
38 33   14.2
38 34   13.7
38 35   13.1
38 36   12.4
38 37   11.7
38 38   10.9
38 39   10.1
38 40    9.2
38 41    8.3
38 42    7.3
38 43    6.4
38 44    5.3
38 45    4.3
38 46    3.2
38 47    2.2
38 48    1.1
38 49    0.0
37 0    0.0
37 1    1.2
37 2    2.3
37 3    3.5
37 4    4.6
37 5    5.7
37 6    6.8
37 7    7.9
37 8    8.9
37 9    9.9
37 10   10.8
37 11   11.7
37 12   12.5
37 13   13.3
37 14   14.0
37 15   14.7
37 16   15.3
37 17   15.8
37 18   16.3
37 19   16.7
37 20   17.0
37 21   17.3
37 22   17.5
37 23   17.6
37 24   17.7
37 25   17.7
37 26   17.6
37 27   17.5
37 28   17.3
37 29   17.0
37 30   16.7
37 31   16.3
37 32   15.8
37 33   15.3
37 34   14.7
37 35   14.0
37 36   13.3
37 37   12.5
37 38   11.7
37 39   10.8
37 40    9.9
37 41    8.9
37 42    7.9
37 43    6.8
37 44    5.7
37 45    4.6
37 46    3.5
37 47    2.3
37 48    1.2
37 49    0.0
36 0    0.0
36 1    1.2
36 2    2.5
36 3    3.7
36 4    4.9
36 5    6.1
36 6    7.2
36 7    8.4
36 8    9.4
36 9   10.5
36 10   11.5
36 11   12.4
36 12   13.3
36 13   14.1
36 14   14.9
36 15   15.6
36 16   16.2
36 17   16.8
36 18   17.3
36 19   17.7
36 20   18.1
36 21   18.4
36 22   18.6
36 23   18.7
36 24   18.8
36 25   18.8
36 26   18.7
36 27   18.6
36 28   18.4
36 29   18.1
36 30   17.7
36 31   17.3
36 32   16.8
36 33   16.2
36 34   15.6
36 35   14.9
36 36   14.1
36 37   13.3
36 38   12.4
36 39   11.5
36 40   10.5
36 41    9.4
36 42    8.4
36 43    7.2
36 44    6.1
36 45    4.9
36 46    3.7
36 47    2.5
36 48    1.2
36 49    0.0
35 0    0.0
35 1    1.3
35 2    2.6
35 3    3.9
35 4    5.2
35 5    6.4
35 6    7.6
35 7    8.8
35 8    9.9
35 9   11.0
35 10   12.1
35 11   13.1
35 12   14.0
35 13   14.9
35 14   15.7
35 15   16.4
35 16   17.1
35 17   17.7
35 18   18.2
35 19   18.7
35 20   19.1
35 21   19.4
35 22   19.6
35 23   19.7
35 24   19.8
35 25   19.8
35 26   19.7
35 27   19.6
35 28   19.4
35 29   19.1
35 30   18.7
35 31   18.2
35 32   17.7
35 33   17.1
35 34   16.4
35 35   15.7
35 36   14.9
35 37   14.0
35 38   13.1
35 39   12.1
35 40   11.0
35 41    9.9
35 42    8.8
35 43    7.6
35 44    6.4
35 45    5.2
35 46    3.9
35 47    2.6
35 48    1.3
35 49    0.0
34 0    0.0
34 1    1.4
34 2    2.7
34 3    4.1
34 4    5.4
34 5    6.7
34 6    8.0
34 7    9.2
34 8   10.4
34 9   11.6
34 10   12.6
34 11   13.7
34 12   14.7
34 13   15.6
34 14   16.4
34 15   17.2
34 16   17.9
34 17   18.5
34 18   19.1
34 19   19.6
34 20   19.9
34 21   20.3
34 22   20.5
34 23   20.7
34 24   20.8
34 25   20.8
34 26   20.7
34 27   20.5
34 28   20.3
34 29   19.9
34 30   19.6
34 31   19.1
34 32   18.5
34 33   17.9
34 34   17.2
34 35   16.4
34 36   15.6
34 37   14.7
34 38   13.7
34 39   12.6
34 40   11.6
34 41   10.4
34 42    9.2
34 43    8.0
34 44    6.7
34 45    5.4
34 46    4.1
34 47    2.7
34 48    1.4
34 49    0.0
33 0    0.0
33 1    1.4
33 2    2.8
33 3    4.2
33 4    5.6
33 5    7.0
33 6    8.3
33 7    9.6
33 8   10.8
33 9   12.0
33 10   13.2
33 11   14.2
33 12   15.3
33 13   16.2
33 14   17.1
33 15   17.9
33 16   18.6
33 17   19.3
33 18   19.9
33 19   20.3
33 20   20.8
33 21   21.1
33 22   21.3
33 23   21.5
33 24   21.6
33 25   21.6
33 26   21.5
33 27   21.3
33 28   21.1
33 29   20.8
33 30   20.3
33 31   19.9
33 32   19.3
33 33   18.6
33 34   17.9
33 35   17.1
33 36   16.2
33 37   15.3
33 38   14.2
33 39   13.2
33 40   12.0
33 41   10.8
33 42    9.6
33 43    8.3
33 44    7.0
33 45    5.6
33 46    4.2
33 47    2.8
33 48    1.4
33 49    0.0
32 0    0.0
32 1    1.5
32 2    2.9
32 3    4.4
32 4    5.8
32 5    7.2
32 6    8.6
32 7    9.9
32 8   11.2
32 9   12.5
32 10   13.6
32 11   14.7
32 12   15.8
32 13   16.8
32 14   17.7
32 15   18.5
32 16   19.3
32 17   20.0
32 18   20.6
32 19   21.1
32 20   21.5
32 21   21.8
32 22   22.1
32 23   22.3
32 24   22.4
32 25   22.4
32 26   22.3
32 27   22.1
32 28   21.8
32 29   21.5
32 30   21.1
32 31   20.6
32 32   20.0
32 33   19.3
32 34   18.5
32 35   17.7
32 36   16.8
32 37   15.8
32 38   14.7
32 39   13.6
32 40   12.5
32 41   11.2
32 42    9.9
32 43    8.6
32 44    7.2
32 45    5.8
32 46    4.4
32 47    2.9
32 48    1.5
32 49    0.0
31 0    0.0
31 1    1.5
31 2    3.0
31 3    4.5
31 4    6.0
31 5    7.4
31 6    8.9
31 7   10.2
31 8   11.6
31 9   12.8
31 10   14.0
31 11   15.2
31 12   16.3
31 13   17.3
31 14   18.2
31 15   19.1
31 16   19.9
31 17   20.6
31 18   21.2
31 19   21.7
31 20   22.1
31 21   22.5
31 22   22.8
31 23   22.9
31 24   23.0
31 25   23.0
31 26   22.9
31 27   22.8
31 28   22.5
31 29   22.1
31 30   21.7
31 31   21.2
31 32   20.6
31 33   19.9
31 34   19.1
31 35   18.2
31 36   17.3
31 37   16.3
31 38   15.2
31 39   14.0
31 40   12.8
31 41   11.6
31 42   10.2
31 43    8.9
31 44    7.4
31 45    6.0
31 46    4.5
31 47    3.0
31 48    1.5
31 49    0.0
30 0    0.0
30 1    1.6
30 2    3.1
30 3    4.6
30 4    6.2
30 5    7.6
30 6    9.1
30 7   10.5
30 8   11.8
30 9   13.1
30 10   14.4
30 11   15.6
30 12   16.7
30 13   17.7
30 14   18.7
30 15   19.6
30 16   20.3
30 17   21.1
30 18   21.7
30 19   22.2
30 20   22.7
30 21   23.1
30 22   23.3
30 23   23.5
30 24   23.6
30 25   23.6
30 26   23.5
30 27   23.3
30 28   23.1
30 29   22.7
30 30   22.2
30 31   21.7
30 32   21.1
30 33   20.3
30 34   19.6
30 35   18.7
30 36   17.7
30 37   16.7
30 38   15.6
30 39   14.4
30 40   13.1
30 41   11.8
30 42   10.5
30 43    9.1
30 44    7.6
30 45    6.2
30 46    4.6
30 47    3.1
30 48    1.6
30 49    0.0
29 0    0.0
29 1    1.6
29 2    3.2
29 3    4.7
29 4    6.3
29 5    7.8
29 6    9.3
29 7   10.7
29 8   12.1
29 9   13.4
29 10   14.7
29 11   15.9
29 12   17.0
29 13   18.1
29 14   19.1
29 15   19.9
29 16   20.8
29 17   21.5
29 18   22.1
29 19   22.7
29 20   23.2
29 21   23.5
29 22   23.8
29 23   24.0
29 24   24.1
29 25   24.1
29 26   24.0
29 27   23.8
29 28   23.5
29 29   23.2
29 30   22.7
29 31   22.1
29 32   21.5
29 33   20.8
29 34   19.9
29 35   19.1
29 36   18.1
29 37   17.0
29 38   15.9
29 39   14.7
29 40   13.4
29 41   12.1
29 42   10.7
29 43    9.3
29 44    7.8
29 45    6.3
29 46    4.7
29 47    3.2
29 48    1.6
29 49    0.0
28 0    0.0
28 1    1.6
28 2    3.2
28 3    4.8
28 4    6.4
28 5    7.9
28 6    9.4
28 7   10.9
28 8   12.3
28 9   13.6
28 10   14.9
28 11   16.1
28 12   17.3
28 13   18.4
28 14   19.4
28 15   20.3
28 16   21.1
28 17   21.8
28 18   22.5
28 19   23.1
28 20   23.5
28 21   23.9
28 22   24.2
28 23   24.4
28 24   24.5
28 25   24.5
28 26   24.4
28 27   24.2
28 28   23.9
28 29   23.5
28 30   23.1
28 31   22.5
28 32   21.8
28 33   21.1
28 34   20.3
28 35   19.4
28 36   18.4
28 37   17.3
28 38   16.1
28 39   14.9
28 40   13.6
28 41   12.3
28 42   10.9
28 43    9.4
28 44    7.9
28 45    6.4
28 46    4.8
28 47    3.2
28 48    1.6
28 49    0.0
27 0    0.0
27 1    1.6
27 2    3.3
27 3    4.9
27 4    6.5
27 5    8.0
27 6    9.5
27 7   11.0
27 8   12.4
27 9   13.8
27 10   15.1
27 11   16.3
27 12   17.5
27 13   18.6
27 14   19.6
27 15   20.5
27 16   21.3
27 17   22.1
27 18   22.8
27 19   23.3
27 20   23.8
27 21   24.2
27 22   24.5
27 23   24.7
27 24   24.8
27 25   24.8
27 26   24.7
27 27   24.5
27 28   24.2
27 29   23.8
27 30   23.3
27 31   22.8
27 32   22.1
27 33   21.3
27 34   20.5
27 35   19.6
27 36   18.6
27 37   17.5
27 38   16.3
27 39   15.1
27 40   13.8
27 41   12.4
27 42   11.0
27 43    9.5
27 44    8.0
27 45    6.5
27 46    4.9
27 47    3.3
27 48    1.6
27 49    0.0
26 0    0.0
26 1    1.6
26 2    3.3
26 3    4.9
26 4    6.5
26 5    8.1
26 6    9.6
26 7   11.1
26 8   12.5
26 9   13.9
26 10   15.2
26 11   16.5
26 12   17.6
26 13   18.7
26 14   19.7
26 15   20.7
26 16   21.5
26 17   22.3
26 18   22.9
26 19   23.5
26 20   24.0
26 21   24.4
26 22   24.7
26 23   24.9
26 24   25.0
26 25   25.0
26 26   24.9
26 27   24.7
26 28   24.4
26 29   24.0
26 30   23.5
26 31   22.9
26 32   22.3
26 33   21.5
26 34   20.7
26 35   19.7
26 36   18.7
26 37   17.6
26 38   16.5
26 39   15.2
26 40   13.9
26 41   12.5
26 42   11.1
26 43    9.6
26 44    8.1
26 45    6.5
26 46    4.9
26 47    3.3
26 48    1.6
26 49    0.0
25 0    0.0
25 1    1.7
25 2    3.3
25 3    4.9
25 4    6.5
25 5    8.1
25 6    9.6
25 7   11.1
25 8   12.6
25 9   14.0
25 10   15.3
25 11   16.5
25 12   17.7
25 13   18.8
25 14   19.8
25 15   20.8
25 16   21.6
25 17   22.4
25 18   23.0
25 19   23.6
25 20   24.1
25 21   24.5
25 22   24.8
25 23   25.0
25 24   25.1
25 25   25.1
25 26   25.0
25 27   24.8
25 28   24.5
25 29   24.1
25 30   23.6
25 31   23.0
25 32   22.4
25 33   21.6
25 34   20.8
25 35   19.8
25 36   18.8
25 37   17.7
25 38   16.5
25 39   15.3
25 40   14.0
25 41   12.6
25 42   11.1
25 43    9.6
25 44    8.1
25 45    6.5
25 46    4.9
25 47    3.3
25 48    1.7
25 49    0.0
24 0    0.0
24 1    1.7
24 2    3.3
24 3    4.9
24 4    6.5
24 5    8.1
24 6    9.6
24 7   11.1
24 8   12.6
24 9   14.0
24 10   15.3
24 11   16.5
24 12   17.7
24 13   18.8
24 14   19.8
24 15   20.8
24 16   21.6
24 17   22.4
24 18   23.0
24 19   23.6
24 20   24.1
24 21   24.5
24 22   24.8
24 23   25.0
24 24   25.1
24 25   25.1
24 26   25.0
24 27   24.8
24 28   24.5
24 29   24.1
24 30   23.6
24 31   23.0
24 32   22.4
24 33   21.6
24 34   20.8
24 35   19.8
24 36   18.8
24 37   17.7
24 38   16.5
24 39   15.3
24 40   14.0
24 41   12.6
24 42   11.1
24 43    9.6
24 44    8.1
24 45    6.5
24 46    4.9
24 47    3.3
24 48    1.7
24 49    0.0
23 0    0.0
23 1    1.6
23 2    3.3
23 3    4.9
23 4    6.5
23 5    8.1
23 6    9.6
23 7   11.1
23 8   12.5
23 9   13.9
23 10   15.2
23 11   16.5
23 12   17.6
23 13   18.7
23 14   19.7
23 15   20.7
23 16   21.5
23 17   22.3
23 18   22.9
23 19   23.5
23 20   24.0
23 21   24.4
23 22   24.7
23 23   24.9
23 24   25.0
23 25   25.0
23 26   24.9
23 27   24.7
23 28   24.4
23 29   24.0
23 30   23.5
23 31   22.9
23 32   22.3
23 33   21.5
23 34   20.7
23 35   19.7
23 36   18.7
23 37   17.6
23 38   16.5
23 39   15.2
23 40   13.9
23 41   12.5
23 42   11.1
23 43    9.6
23 44    8.1
23 45    6.5
23 46    4.9
23 47    3.3
23 48    1.6
23 49    0.0
22 0    0.0
22 1    1.6
22 2    3.3
22 3    4.9
22 4    6.5
22 5    8.0
22 6    9.5
22 7   11.0
22 8   12.4
22 9   13.8
22 10   15.1
22 11   16.3
22 12   17.5
22 13   18.6
22 14   19.6
22 15   20.5
22 16   21.3
22 17   22.1
22 18   22.8
22 19   23.3
22 20   23.8
22 21   24.2
22 22   24.5
22 23   24.7
22 24   24.8
22 25   24.8
22 26   24.7
22 27   24.5
22 28   24.2
22 29   23.8
22 30   23.3
22 31   22.8
22 32   22.1
22 33   21.3
22 34   20.5
22 35   19.6
22 36   18.6
22 37   17.5
22 38   16.3
22 39   15.1
22 40   13.8
22 41   12.4
22 42   11.0
22 43    9.5
22 44    8.0
22 45    6.5
22 46    4.9
22 47    3.3
22 48    1.6
22 49    0.0
21 0    0.0
21 1    1.6
21 2    3.2
21 3    4.8
21 4    6.4
21 5    7.9
21 6    9.4
21 7   10.9
21 8   12.3
21 9   13.6
21 10   14.9
21 11   16.1
21 12   17.3
21 13   18.4
21 14   19.4
21 15   20.3
21 16   21.1
21 17   21.8
21 18   22.5
21 19   23.1
21 20   23.5
21 21   23.9
21 22   24.2
21 23   24.4
21 24   24.5
21 25   24.5
21 26   24.4
21 27   24.2
21 28   23.9
21 29   23.5
21 30   23.1
21 31   22.5
21 32   21.8
21 33   21.1
21 34   20.3
21 35   19.4
21 36   18.4
21 37   17.3
21 38   16.1
21 39   14.9
21 40   13.6
21 41   12.3
21 42   10.9
21 43    9.4
21 44    7.9
21 45    6.4
21 46    4.8
21 47    3.2
21 48    1.6
21 49    0.0
20 0    0.0
20 1    1.6
20 2    3.2
20 3    4.7
20 4    6.3
20 5    7.8
20 6    9.3
20 7   10.7
20 8   12.1
20 9   13.4
20 10   14.7
20 11   15.9
20 12   17.0
20 13   18.1
20 14   19.1
20 15   19.9
20 16   20.8
20 17   21.5
20 18   22.1
20 19   22.7
20 20   23.2
20 21   23.5
20 22   23.8
20 23   24.0
20 24   24.1
20 25   24.1
20 26   24.0
20 27   23.8
20 28   23.5
20 29   23.2
20 30   22.7
20 31   22.1
20 32   21.5
20 33   20.8
20 34   19.9
20 35   19.1
20 36   18.1
20 37   17.0
20 38   15.9
20 39   14.7
20 40   13.4
20 41   12.1
20 42   10.7
20 43    9.3
20 44    7.8
20 45    6.3
20 46    4.7
20 47    3.2
20 48    1.6
20 49    0.0
19 0    0.0
19 1    1.6
19 2    3.1
19 3    4.6
19 4    6.2
19 5    7.6
19 6    9.1
19 7   10.5
19 8   11.8
19 9   13.1
19 10   14.4
19 11   15.6
19 12   16.7
19 13   17.7
19 14   18.7
19 15   19.6
19 16   20.3
19 17   21.1
19 18   21.7
19 19   22.2
19 20   22.7
19 21   23.1
19 22   23.3
19 23   23.5
19 24   23.6
19 25   23.6
19 26   23.5
19 27   23.3
19 28   23.1
19 29   22.7
19 30   22.2
19 31   21.7
19 32   21.1
19 33   20.3
19 34   19.6
19 35   18.7
19 36   17.7
19 37   16.7
19 38   15.6
19 39   14.4
19 40   13.1
19 41   11.8
19 42   10.5
19 43    9.1
19 44    7.6
19 45    6.2
19 46    4.6
19 47    3.1
19 48    1.6
19 49    0.0
18 0    0.0
18 1    1.5
18 2    3.0
18 3    4.5
18 4    6.0
18 5    7.4
18 6    8.9
18 7   10.2
18 8   11.6
18 9   12.8
18 10   14.0
18 11   15.2
18 12   16.3
18 13   17.3
18 14   18.2
18 15   19.1
18 16   19.9
18 17   20.6
18 18   21.2
18 19   21.7
18 20   22.1
18 21   22.5
18 22   22.8
18 23   22.9
18 24   23.0
18 25   23.0
18 26   22.9
18 27   22.8
18 28   22.5
18 29   22.1
18 30   21.7
18 31   21.2
18 32   20.6
18 33   19.9
18 34   19.1
18 35   18.2
18 36   17.3
18 37   16.3
18 38   15.2
18 39   14.0
18 40   12.8
18 41   11.6
18 42   10.2
18 43    8.9
18 44    7.4
18 45    6.0
18 46    4.5
18 47    3.0
18 48    1.5
18 49    0.0
17 0    0.0
17 1    1.5
17 2    2.9
17 3    4.4
17 4    5.8
17 5    7.2
17 6    8.6
17 7    9.9
17 8   11.2
17 9   12.5
17 10   13.6
17 11   14.7
17 12   15.8
17 13   16.8
17 14   17.7
17 15   18.5
17 16   19.3
17 17   20.0
17 18   20.6
17 19   21.1
17 20   21.5
17 21   21.8
17 22   22.1
17 23   22.3
17 24   22.4
17 25   22.4
17 26   22.3
17 27   22.1
17 28   21.8
17 29   21.5
17 30   21.1
17 31   20.6
17 32   20.0
17 33   19.3
17 34   18.5
17 35   17.7
17 36   16.8
17 37   15.8
17 38   14.7
17 39   13.6
17 40   12.5
17 41   11.2
17 42    9.9
17 43    8.6
17 44    7.2
17 45    5.8
17 46    4.4
17 47    2.9
17 48    1.5
17 49    0.0
16 0    0.0
16 1    1.4
16 2    2.8
16 3    4.2
16 4    5.6
16 5    7.0
16 6    8.3
16 7    9.6
16 8   10.8
16 9   12.0
16 10   13.2
16 11   14.2
16 12   15.3
16 13   16.2
16 14   17.1
16 15   17.9
16 16   18.6
16 17   19.3
16 18   19.9
16 19   20.3
16 20   20.8
16 21   21.1
16 22   21.3
16 23   21.5
16 24   21.6
16 25   21.6
16 26   21.5
16 27   21.3
16 28   21.1
16 29   20.8
16 30   20.3
16 31   19.9
16 32   19.3
16 33   18.6
16 34   17.9
16 35   17.1
16 36   16.2
16 37   15.3
16 38   14.2
16 39   13.2
16 40   12.0
16 41   10.8
16 42    9.6
16 43    8.3
16 44    7.0
16 45    5.6
16 46    4.2
16 47    2.8
16 48    1.4
16 49    0.0
15 0    0.0
15 1    1.4
15 2    2.7
15 3    4.1
15 4    5.4
15 5    6.7
15 6    8.0
15 7    9.2
15 8   10.4
15 9   11.6
15 10   12.6
15 11   13.7
15 12   14.7
15 13   15.6
15 14   16.4
15 15   17.2
15 16   17.9
15 17   18.5
15 18   19.1
15 19   19.6
15 20   19.9
15 21   20.3
15 22   20.5
15 23   20.7
15 24   20.8
15 25   20.8
15 26   20.7
15 27   20.5
15 28   20.3
15 29   19.9
15 30   19.6
15 31   19.1
15 32   18.5
15 33   17.9
15 34   17.2
15 35   16.4
15 36   15.6
15 37   14.7
15 38   13.7
15 39   12.6
15 40   11.6
15 41   10.4
15 42    9.2
15 43    8.0
15 44    6.7
15 45    5.4
15 46    4.1
15 47    2.7
15 48    1.4
15 49    0.0
14 0    0.0
14 1    1.3
14 2    2.6
14 3    3.9
14 4    5.2
14 5    6.4
14 6    7.6
14 7    8.8
14 8    9.9
14 9   11.0
14 10   12.1
14 11   13.1
14 12   14.0
14 13   14.9
14 14   15.7
14 15   16.4
14 16   17.1
14 17   17.7
14 18   18.2
14 19   18.7
14 20   19.1
14 21   19.4
14 22   19.6
14 23   19.7
14 24   19.8
14 25   19.8
14 26   19.7
14 27   19.6
14 28   19.4
14 29   19.1
14 30   18.7
14 31   18.2
14 32   17.7
14 33   17.1
14 34   16.4
14 35   15.7
14 36   14.9
14 37   14.0
14 38   13.1
14 39   12.1
14 40   11.0
14 41    9.9
14 42    8.8
14 43    7.6
14 44    6.4
14 45    5.2
14 46    3.9
14 47    2.6
14 48    1.3
14 49    0.0
13 0    0.0
13 1    1.2
13 2    2.5
13 3    3.7
13 4    4.9
13 5    6.1
13 6    7.2
13 7    8.4
13 8    9.4
13 9   10.5
13 10   11.5
13 11   12.4
13 12   13.3
13 13   14.1
13 14   14.9
13 15   15.6
13 16   16.2
13 17   16.8
13 18   17.3
13 19   17.7
13 20   18.1
13 21   18.4
13 22   18.6
13 23   18.7
13 24   18.8
13 25   18.8
13 26   18.7
13 27   18.6
13 28   18.4
13 29   18.1
13 30   17.7
13 31   17.3
13 32   16.8
13 33   16.2
13 34   15.6
13 35   14.9
13 36   14.1
13 37   13.3
13 38   12.4
13 39   11.5
13 40   10.5
13 41    9.4
13 42    8.4
13 43    7.2
13 44    6.1
13 45    4.9
13 46    3.7
13 47    2.5
13 48    1.2
13 49    0.0
12 0    0.0
12 1    1.2
12 2    2.3
12 3    3.5
12 4    4.6
12 5    5.7
12 6    6.8
12 7    7.9
12 8    8.9
12 9    9.9
12 10   10.8
12 11   11.7
12 12   12.5
12 13   13.3
12 14   14.0
12 15   14.7
12 16   15.3
12 17   15.8
12 18   16.3
12 19   16.7
12 20   17.0
12 21   17.3
12 22   17.5
12 23   17.6
12 24   17.7
12 25   17.7
12 26   17.6
12 27   17.5
12 28   17.3
12 29   17.0
12 30   16.7
12 31   16.3
12 32   15.8
12 33   15.3
12 34   14.7
12 35   14.0
12 36   13.3
12 37   12.5
12 38   11.7
12 39   10.8
12 40    9.9
12 41    8.9
12 42    7.9
12 43    6.8
12 44    5.7
12 45    4.6
12 46    3.5
12 47    2.3
12 48    1.2
12 49    0.0
11 0    0.0
11 1    1.1
11 2    2.2
11 3    3.2
11 4    4.3
11 5    5.3
11 6    6.4
11 7    7.3
11 8    8.3
11 9    9.2
11 10   10.1
11 11   10.9
11 12   11.7
11 13   12.4
11 14   13.1
11 15   13.7
11 16   14.2
11 17   14.7
11 18   15.2
11 19   15.6
11 20   15.9
11 21   16.1
11 22   16.3
11 23   16.5
11 24   16.5
11 25   16.5
11 26   16.5
11 27   16.3
11 28   16.1
11 29   15.9
11 30   15.6
11 31   15.2
11 32   14.7
11 33   14.2
11 34   13.7
11 35   13.1
11 36   12.4
11 37   11.7
11 38   10.9
11 39   10.1
11 40    9.2
11 41    8.3
11 42    7.3
11 43    6.4
11 44    5.3
11 45    4.3
11 46    3.2
11 47    2.2
11 48    1.1
11 49    0.0
10 0    0.0
10 1    1.0
10 2    2.0
10 3    3.0
10 4    4.0
10 5    4.9
10 6    5.9
10 7    6.8
10 8    7.7
10 9    8.5
10 10    9.3
10 11   10.1
10 12   10.8
10 13   11.5
10 14   12.1
10 15   12.6
10 16   13.2
10 17   13.6
10 18   14.0
10 19   14.4
10 20   14.7
10 21   14.9
10 22   15.1
10 23   15.2
10 24   15.3
10 25   15.3
10 26   15.2
10 27   15.1
10 28   14.9
10 29   14.7
10 30   14.4
10 31   14.0
10 32   13.6
10 33   13.2
10 34   12.6
10 35   12.1
10 36   11.5
10 37   10.8
10 38   10.1
10 39    9.3
10 40    8.5
10 41    7.7
10 42    6.8
10 43    5.9
10 44    4.9
10 45    4.0
10 46    3.0
10 47    2.0
10 48    1.0
10 49    0.0
9 0    0.0
9 1    0.9
9 2    1.8
9 3    2.7
9 4    3.6
9 5    4.5
9 6    5.4
9 7    6.2
9 8    7.0
9 9    7.8
9 10    8.5
9 11    9.2
9 12    9.9
9 13   10.5
9 14   11.0
9 15   11.6
9 16   12.0
9 17   12.5
9 18   12.8
9 19   13.1
9 20   13.4
9 21   13.6
9 22   13.8
9 23   13.9
9 24   14.0
9 25   14.0
9 26   13.9
9 27   13.8
9 28   13.6
9 29   13.4
9 30   13.1
9 31   12.8
9 32   12.5
9 33   12.0
9 34   11.6
9 35   11.0
9 36   10.5
9 37    9.9
9 38    9.2
9 39    8.5
9 40    7.8
9 41    7.0
9 42    6.2
9 43    5.4
9 44    4.5
9 45    3.6
9 46    2.7
9 47    1.8
9 48    0.9
9 49    0.0
8 0    0.0
8 1    0.8
8 2    1.7
8 3    2.5
8 4    3.3
8 5    4.1
8 6    4.8
8 7    5.6
8 8    6.3
8 9    7.0
8 10    7.7
8 11    8.3
8 12    8.9
8 13    9.4
8 14    9.9
8 15   10.4
8 16   10.8
8 17   11.2
8 18   11.6
8 19   11.8
8 20   12.1
8 21   12.3
8 22   12.4
8 23   12.5
8 24   12.6
8 25   12.6
8 26   12.5
8 27   12.4
8 28   12.3
8 29   12.1
8 30   11.8
8 31   11.6
8 32   11.2
8 33   10.8
8 34   10.4
8 35    9.9
8 36    9.4
8 37    8.9
8 38    8.3
8 39    7.7
8 40    7.0
8 41    6.3
8 42    5.6
8 43    4.8
8 44    4.1
8 45    3.3
8 46    2.5
8 47    1.7
8 48    0.8
8 49    0.0
7 0    0.0
7 1    0.7
7 2    1.5
7 3    2.2
7 4    2.9
7 5    3.6
7 6    4.3
7 7    4.9
7 8    5.6
7 9    6.2
7 10    6.8
7 11    7.3
7 12    7.9
7 13    8.4
7 14    8.8
7 15    9.2
7 16    9.6
7 17    9.9
7 18   10.2
7 19   10.5
7 20   10.7
7 21   10.9
7 22   11.0
7 23   11.1
7 24   11.1
7 25   11.1
7 26   11.1
7 27   11.0
7 28   10.9
7 29   10.7
7 30   10.5
7 31   10.2
7 32    9.9
7 33    9.6
7 34    9.2
7 35    8.8
7 36    8.4
7 37    7.9
7 38    7.3
7 39    6.8
7 40    6.2
7 41    5.6
7 42    4.9
7 43    4.3
7 44    3.6
7 45    2.9
7 46    2.2
7 47    1.5
7 48    0.7
7 49    0.0
6 0    0.0
6 1    0.6
6 2    1.3
6 3    1.9
6 4    2.5
6 5    3.1
6 6    3.7
6 7    4.3
6 8    4.8
6 9    5.4
6 10    5.9
6 11    6.4
6 12    6.8
6 13    7.2
6 14    7.6
6 15    8.0
6 16    8.3
6 17    8.6
6 18    8.9
6 19    9.1
6 20    9.3
6 21    9.4
6 22    9.5
6 23    9.6
6 24    9.6
6 25    9.6
6 26    9.6
6 27    9.5
6 28    9.4
6 29    9.3
6 30    9.1
6 31    8.9
6 32    8.6
6 33    8.3
6 34    8.0
6 35    7.6
6 36    7.2
6 37    6.8
6 38    6.4
6 39    5.9
6 40    5.4
6 41    4.8
6 42    4.3
6 43    3.7
6 44    3.1
6 45    2.5
6 46    1.9
6 47    1.3
6 48    0.6
6 49    0.0
5 0    0.0
5 1    0.5
5 2    1.1
5 3    1.6
5 4    2.1
5 5    2.6
5 6    3.1
5 7    3.6
5 8    4.1
5 9    4.5
5 10    4.9
5 11    5.3
5 12    5.7
5 13    6.1
5 14    6.4
5 15    6.7
5 16    7.0
5 17    7.2
5 18    7.4
5 19    7.6
5 20    7.8
5 21    7.9
5 22    8.0
5 23    8.1
5 24    8.1
5 25    8.1
5 26    8.1
5 27    8.0
5 28    7.9
5 29    7.8
5 30    7.6
5 31    7.4
5 32    7.2
5 33    7.0
5 34    6.7
5 35    6.4
5 36    6.1
5 37    5.7
5 38    5.3
5 39    4.9
5 40    4.5
5 41    4.1
5 42    3.6
5 43    3.1
5 44    2.6
5 45    2.1
5 46    1.6
5 47    1.1
5 48    0.5
5 49    0.0
4 0    0.0
4 1    0.4
4 2    0.9
4 3    1.3
4 4    1.7
4 5    2.1
4 6    2.5
4 7    2.9
4 8    3.3
4 9    3.6
4 10    4.0
4 11    4.3
4 12    4.6
4 13    4.9
4 14    5.2
4 15    5.4
4 16    5.6
4 17    5.8
4 18    6.0
4 19    6.2
4 20    6.3
4 21    6.4
4 22    6.5
4 23    6.5
4 24    6.5
4 25    6.5
4 26    6.5
4 27    6.5
4 28    6.4
4 29    6.3
4 30    6.2
4 31    6.0
4 32    5.8
4 33    5.6
4 34    5.4
4 35    5.2
4 36    4.9
4 37    4.6
4 38    4.3
4 39    4.0
4 40    3.6
4 41    3.3
4 42    2.9
4 43    2.5
4 44    2.1
4 45    1.7
4 46    1.3
4 47    0.9
4 48    0.4
4 49    0.0
3 0    0.0
3 1    0.3
3 2    0.6
3 3    1.0
3 4    1.3
3 5    1.6
3 6    1.9
3 7    2.2
3 8    2.5
3 9    2.7
3 10    3.0
3 11    3.2
3 12    3.5
3 13    3.7
3 14    3.9
3 15    4.1
3 16    4.2
3 17    4.4
3 18    4.5
3 19    4.6
3 20    4.7
3 21    4.8
3 22    4.9
3 23    4.9
3 24    4.9
3 25    4.9
3 26    4.9
3 27    4.9
3 28    4.8
3 29    4.7
3 30    4.6
3 31    4.5
3 32    4.4
3 33    4.2
3 34    4.1
3 35    3.9
3 36    3.7
3 37    3.5
3 38    3.2
3 39    3.0
3 40    2.7
3 41    2.5
3 42    2.2
3 43    1.9
3 44    1.6
3 45    1.3
3 46    1.0
3 47    0.6
3 48    0.3
3 49    0.0
2 0    0.0
2 1    0.2
2 2    0.4
2 3    0.6
2 4    0.9
2 5    1.1
2 6    1.3
2 7    1.5
2 8    1.7
2 9    1.8
2 10    2.0
2 11    2.2
2 12    2.3
2 13    2.5
2 14    2.6
2 15    2.7
2 16    2.8
2 17    2.9
2 18    3.0
2 19    3.1
2 20    3.2
2 21    3.2
2 22    3.3
2 23    3.3
2 24    3.3
2 25    3.3
2 26    3.3
2 27    3.3
2 28    3.2
2 29    3.2
2 30    3.1
2 31    3.0
2 32    2.9
2 33    2.8
2 34    2.7
2 35    2.6
2 36    2.5
2 37    2.3
2 38    2.2
2 39    2.0
2 40    1.8
2 41    1.7
2 42    1.5
2 43    1.3
2 44    1.1
2 45    0.9
2 46    0.6
2 47    0.4
2 48    0.2
2 49    0.0
1 0    0.0
1 1    0.1
1 2    0.2
1 3    0.3
1 4    0.4
1 5    0.5
1 6    0.6
1 7    0.7
1 8    0.8
1 9    0.9
1 10    1.0
1 11    1.1
1 12    1.2
1 13    1.2
1 14    1.3
1 15    1.4
1 16    1.4
1 17    1.5
1 18    1.5
1 19    1.6
1 20    1.6
1 21    1.6
1 22    1.6
1 23    1.6
1 24    1.7
1 25    1.7
1 26    1.6
1 27    1.6
1 28    1.6
1 29    1.6
1 30    1.6
1 31    1.5
1 32    1.5
1 33    1.4
1 34    1.4
1 35    1.3
1 36    1.2
1 37    1.2
1 38    1.1
1 39    1.0
1 40    0.9
1 41    0.8
1 42    0.7
1 43    0.6
1 44    0.5
1 45    0.4
1 46    0.3
1 47    0.2
1 48    0.1
1 49    0.0
0 0    0.0
0 1    0.0
0 2    0.0
0 3    0.0
0 4    0.0
0 5    0.0
0 6    0.0
0 7    0.0
0 8    0.0
0 9    0.0
0 10    0.0
0 11    0.0
0 12    0.0
0 13    0.0
0 14    0.0
0 15    0.0
0 16    0.0
0 17    0.0
0 18    0.0
0 19    0.0
0 20    0.0
0 21    0.0
0 22    0.0
0 23    0.0
0 24    0.0
0 25    0.0
0 26    0.0
0 27    0.0
0 28    0.0
0 29    0.0
0 30    0.0
0 31    0.0
0 32    0.0
0 33    0.0
0 34    0.0
0 35    0.0
0 36    0.0
0 37    0.0
0 38    0.0
0 39    0.0
0 40    0.0
0 41    0.0
0 42    0.0
0 43    0.0
0 44    0.0
0 45    0.0
0 46    0.0
0 47    0.0
0 48    0.0
0 49    0.0
