49 0    0.0
49 1    0.0
49 2    0.0
49 3    0.0
49 4    0.0
49 5    0.0
49 6    0.0
49 7    0.0
49 8    0.0
49 9    0.0
49 10    0.0
49 11    0.0
49 12    0.0
49 13    0.0
49 14    0.0
49 15    0.0
49 16    0.0
49 17    0.0
49 18    0.0
49 19    0.0
49 20    0.0
49 21    0.0
49 22    0.0
49 23    0.0
49 24    0.0
49 25    0.0
49 26    0.0
49 27    0.0
49 28    0.0
49 29    0.0
49 30    0.0
49 31    0.0
49 32    0.0
49 33    0.0
49 34    0.0
49 35    0.0
49 36    0.0
49 37    0.0
49 38    0.0
49 39    0.0
49 40    0.0
49 41    0.0
49 42    0.0
49 43    0.0
49 44    0.0
49 45    0.0
49 46    0.0
49 47    0.0
49 48    0.0
49 49    0.0
48 0    0.0
48 1    0.2
48 2    0.5
48 3    0.7
48 4    0.9
48 5    1.1
48 6    1.2
48 7    1.4
48 8    1.6
48 9    1.7
48 10    1.9
48 11    2.0
48 12    2.1
48 13    2.2
48 14    2.4
48 15    2.4
48 16    2.5
48 17    2.6
48 18    2.7
48 19    2.7
48 20    2.8
48 21    2.8
48 22    2.9
48 23    2.9
48 24    2.9
48 25    2.9
48 26    2.9
48 27    2.9
48 28    2.8
48 29    2.8
48 30    2.7
48 31    2.7
48 32    2.6
48 33    2.5
48 34    2.4
48 35    2.4
48 36    2.2
48 37    2.1
48 38    2.0
48 39    1.9
48 40    1.7
48 41    1.6
48 42    1.4
48 43    1.2
48 44    1.1
48 45    0.9
48 46    0.7
48 47    0.5
48 48    0.2
48 49    0.0
47 0    0.0
47 1    0.5
47 2    0.9
47 3    1.3
47 4    1.7
47 5    2.1
47 6    2.4
47 7    2.8
47 8    3.1
47 9    3.4
47 10    3.7
47 11    3.9
47 12    4.2
47 13    4.4
47 14    4.6
47 15    4.8
47 16    5.0
47 17    5.1
47 18    5.2
47 19    5.4
47 20    5.5
47 21    5.5
47 22    5.6
47 23    5.6
47 24    5.6
47 25    5.6
47 26    5.6
47 27    5.6
47 28    5.5
47 29    5.5
47 30    5.4
47 31    5.2
47 32    5.1
47 33    5.0
47 34    4.8
47 35    4.6
47 36    4.4
47 37    4.2
47 38    3.9
47 39    3.7
47 40    3.4
47 41    3.1
47 42    2.8
47 43    2.4
47 44    2.1
47 45    1.7
47 46    1.3
47 47    0.9
47 48    0.5
47 49    0.0
46 0    0.0
46 1    0.7
46 2    1.3
46 3    1.9
46 4    2.5
46 5    3.0
46 6    3.6
46 7    4.1
46 8    4.5
46 9    5.0
46 10    5.4
46 11    5.8
46 12    6.1
46 13    6.5
46 14    6.8
46 15    7.0
46 16    7.3
46 17    7.5
46 18    7.7
46 19    7.9
46 20    8.0
46 21    8.1
46 22    8.2
46 23    8.3
46 24    8.3
46 25    8.3
46 26    8.3
46 27    8.2
46 28    8.1
46 29    8.0
46 30    7.9
46 31    7.7
46 32    7.5
46 33    7.3
46 34    7.0
46 35    6.8
46 36    6.5
46 37    6.1
46 38    5.8
46 39    5.4
46 40    5.0
46 41    4.5
46 42    4.1
46 43    3.6
46 44    3.0
46 45    2.5
46 46    1.9
46 47    1.3
46 48    0.7
46 49    0.0
45 0    0.0
45 1    0.9
45 2    1.7
45 3    2.5
45 4    3.2
45 5    4.0
45 6    4.6
45 7    5.3
45 8    5.9
45 9    6.5
45 10    7.0
45 11    7.5
45 12    8.0
45 13    8.4
45 14    8.8
45 15    9.2
45 16    9.5
45 17    9.8
45 18   10.0
45 19   10.3
45 20   10.4
45 21   10.6
45 22   10.7
45 23   10.8
45 24   10.8
45 25   10.8
45 26   10.8
45 27   10.7
45 28   10.6
45 29   10.4
45 30   10.3
45 31   10.0
45 32    9.8
45 33    9.5
45 34    9.2
45 35    8.8
45 36    8.4
45 37    8.0
45 38    7.5
45 39    7.0
45 40    6.5
45 41    5.9
45 42    5.3
45 43    4.6
45 44    4.0
45 45    3.2
45 46    2.5
45 47    1.7
45 48    0.9
45 49    0.0
44 0    0.0
44 1    1.1
44 2    2.1
44 3    3.0
44 4    4.0
44 5    4.8
44 6    5.7
44 7    6.5
44 8    7.2
44 9    7.9
44 10    8.6
44 11    9.2
44 12    9.8
44 13   10.3
44 14   10.8
44 15   11.2
44 16   11.6
44 17   12.0
44 18   12.3
44 19   12.5
44 20   12.8
44 21   12.9
44 22   13.1
44 23   13.2
44 24   13.2
44 25   13.2
44 26   13.2
44 27   13.1
44 28   12.9
44 29   12.8
44 30   12.5
44 31   12.3
44 32   12.0
44 33   11.6
44 34   11.2
44 35   10.8
44 36   10.3
44 37    9.8
44 38    9.2
44 39    8.6
44 40    7.9
44 41    7.2
44 42    6.5
44 43    5.7
44 44    4.8
44 45    4.0
44 46    3.0
44 47    2.1
44 48    1.1
44 49    0.0
43 0    0.0
43 1    1.2
43 2    2.4
43 3    3.6
43 4    4.6
43 5    5.7
43 6    6.7
43 7    7.6
43 8    8.5
43 9    9.3
43 10   10.1
43 11   10.8
43 12   11.5
43 13   12.1
43 14   12.6
43 15   13.2
43 16   13.6
43 17   14.0
43 18   14.4
43 19   14.7
43 20   15.0
43 21   15.2
43 22   15.3
43 23   15.4
43 24   15.5
43 25   15.5
43 26   15.4
43 27   15.3
43 28   15.2
43 29   15.0
43 30   14.7
43 31   14.4
43 32   14.0
43 33   13.6
43 34   13.2
43 35   12.6
43 36   12.1
43 37   11.5
43 38   10.8
43 39   10.1
43 40    9.3
43 41    8.5
43 42    7.6
43 43    6.7
43 44    5.7
43 45    4.6
43 46    3.6
43 47    2.4
43 48    1.2
43 49    0.0
42 0    0.0
42 1    1.4
42 2    2.8
42 3    4.1
42 4    5.3
42 5    6.5
42 6    7.6
42 7    8.6
42 8    9.6
42 9   10.6
42 10   11.5
42 11   12.3
42 12   13.1
42 13   13.8
42 14   14.4
42 15   15.0
42 16   15.5
42 17   16.0
42 18   16.4
42 19   16.8
42 20   17.1
42 21   17.3
42 22   17.5
42 23   17.6
42 24   17.6
42 25   17.6
42 26   17.6
42 27   17.5
42 28   17.3
42 29   17.1
42 30   16.8
42 31   16.4
42 32   16.0
42 33   15.5
42 34   15.0
42 35   14.4
42 36   13.8
42 37   13.1
42 38   12.3
42 39   11.5
42 40   10.6
42 41    9.6
42 42    8.6
42 43    7.6
42 44    6.5
42 45    5.3
42 46    4.1
42 47    2.8
42 48    1.4
42 49    0.0
41 0    0.0
41 1    1.6
41 2    3.1
41 3    4.5
41 4    5.9
41 5    7.2
41 6    8.5
41 7    9.6
41 8   10.8
41 9   11.8
41 10   12.8
41 11   13.7
41 12   14.6
41 13   15.4
41 14   16.1
41 15   16.7
41 16   17.3
41 17   17.8
41 18   18.3
41 19   18.7
41 20   19.0
41 21   19.3
41 22   19.5
41 23   19.6
41 24   19.7
41 25   19.7
41 26   19.6
41 27   19.5
41 28   19.3
41 29   19.0
41 30   18.7
41 31   18.3
41 32   17.8
41 33   17.3
41 34   16.7
41 35   16.1
41 36   15.4
41 37   14.6
41 38   13.7
41 39   12.8
41 40   11.8
41 41   10.8
41 42    9.6
41 43    8.5
41 44    7.2
41 45    5.9
41 46    4.5
41 47    3.1
41 48    1.6
41 49    0.0
40 0    0.0
40 1    1.7
40 2    3.4
40 3    5.0
40 4    6.5
40 5    7.9
40 6    9.3
40 7   10.6
40 8   11.8
40 9   13.0
40 10   14.0
40 11   15.0
40 12   16.0
40 13   16.8
40 14   17.6
40 15   18.4
40 16   19.0
40 17   19.6
40 18   20.1
40 19   20.5
40 20   20.9
40 21   21.2
40 22   21.4
40 23   21.5
40 24   21.6
40 25   21.6
40 26   21.5
40 27   21.4
40 28   21.2
40 29   20.9
40 30   20.5
40 31   20.1
40 32   19.6
40 33   19.0
40 34   18.4
40 35   17.6
40 36   16.8
40 37   16.0
40 38   15.0
40 39   14.0
40 40   13.0
40 41   11.8
40 42   10.6
40 43    9.3
40 44    7.9
40 45    6.5
40 46    5.0
40 47    3.4
40 48    1.7
40 49    0.0
39 0    0.0
39 1    1.9
39 2    3.7
39 3    5.4
39 4    7.0
39 5    8.6
39 6   10.1
39 7   11.5
39 8   12.8
39 9   14.0
39 10   15.2
39 11   16.3
39 12   17.3
39 13   18.3
39 14   19.1
39 15   19.9
39 16   20.6
39 17   21.2
39 18   21.8
39 19   22.2
39 20   22.6
39 21   22.9
39 22   23.2
39 23   23.3
39 24   23.4
39 25   23.4
39 26   23.3
39 27   23.2
39 28   22.9
39 29   22.6
39 30   22.2
39 31   21.8
39 32   21.2
39 33   20.6
39 34   19.9
39 35   19.1
39 36   18.3
39 37   17.3
39 38   16.3
39 39   15.2
39 40   14.0
39 41   12.8
39 42   11.5
39 43   10.1
39 44    8.6
39 45    7.0
39 46    5.4
39 47    3.7
39 48    1.9
39 49    0.0
38 0    0.0
38 1    2.0
38 2    3.9
38 3    5.8
38 4    7.5
38 5    9.2
38 6   10.8
38 7   12.3
38 8   13.7
38 9   15.0
38 10   16.3
38 11   17.5
38 12   18.6
38 13   19.6
38 14   20.5
38 15   21.3
38 16   22.1
38 17   22.7
38 18   23.3
38 19   23.8
38 20   24.2
38 21   24.6
38 22   24.8
38 23   25.0
38 24   25.1
38 25   25.1
38 26   25.0
38 27   24.8
38 28   24.6
38 29   24.2
38 30   23.8
38 31   23.3
38 32   22.7
38 33   22.1
38 34   21.3
38 35   20.5
38 36   19.6
38 37   18.6
38 38   17.5
38 39   16.3
38 40   15.0
38 41   13.7
38 42   12.3
38 43   10.8
38 44    9.2
38 45    7.5
38 46    5.8
38 47    3.9
38 48    2.0
38 49    0.0
37 0    0.0
37 1    2.1
37 2    4.2
37 3    6.1
37 4    8.0
37 5    9.8
37 6   11.5
37 7   13.1
37 8   14.6
37 9   16.0
37 10   17.3
37 11   18.6
37 12   19.7
37 13   20.8
37 14   21.8
37 15   22.6
37 16   23.4
37 17   24.2
37 18   24.8
37 19   25.3
37 20   25.8
37 21   26.1
37 22   26.4
37 23   26.6
37 24   26.6
37 25   26.6
37 26   26.6
37 27   26.4
37 28   26.1
37 29   25.8
37 30   25.3
37 31   24.8
37 32   24.2
37 33   23.4
37 34   22.6
37 35   21.8
37 36   20.8
37 37   19.7
37 38   18.6
37 39   17.3
37 40   16.0
37 41   14.6
37 42   13.1
37 43   11.5
37 44    9.8
37 45    8.0
37 46    6.1
37 47    4.2
37 48    2.1
37 49    0.0
36 0    0.0
36 1    2.2
36 2    4.4
36 3    6.5
36 4    8.4
36 5   10.3
36 6   12.1
36 7   13.8
36 8   15.4
36 9   16.8
36 10   18.3
36 11   19.6
36 12   20.8
36 13   21.9
36 14   22.9
36 15   23.9
36 16   24.7
36 17   25.5
36 18   26.1
36 19   26.7
36 20   27.1
36 21   27.5
36 22   27.8
36 23   28.0
36 24   28.1
36 25   28.1
36 26   28.0
36 27   27.8
36 28   27.5
36 29   27.1
36 30   26.7
36 31   26.1
36 32   25.5
36 33   24.7
36 34   23.9
36 35   22.9
36 36   21.9
36 37   20.8
36 38   19.6
36 39   18.3
36 40   16.8
36 41   15.4
36 42   13.8
36 43   12.1
36 44   10.3
36 45    8.4
36 46    6.5
36 47    4.4
36 48    2.2
36 49    0.0
35 0    0.0
35 1    2.4
35 2    4.6
35 3    6.8
35 4    8.8
35 5   10.8
35 6   12.6
35 7   14.4
35 8   16.1
35 9   17.6
35 10   19.1
35 11   20.5
35 12   21.8
35 13   22.9
35 14   24.0
35 15   25.0
35 16   25.9
35 17   26.7
35 18   27.3
35 19   27.9
35 20   28.4
35 21   28.8
35 22   29.1
35 23   29.3
35 24   29.4
35 25   29.4
35 26   29.3
35 27   29.1
35 28   28.8
35 29   28.4
35 30   27.9
35 31   27.3
35 32   26.7
35 33   25.9
35 34   25.0
35 35   24.0
35 36   22.9
35 37   21.8
35 38   20.5
35 39   19.1
35 40   17.6
35 41   16.1
35 42   14.4
35 43   12.6
35 44   10.8
35 45    8.8
35 46    6.8
35 47    4.6
35 48    2.4
35 49    0.0
34 0    0.0
34 1    2.4
34 2    4.8
34 3    7.0
34 4    9.2
34 5   11.2
34 6   13.2
34 7   15.0
34 8   16.7
34 9   18.4
34 10   19.9
34 11   21.3
34 12   22.6
34 13   23.9
34 14   25.0
34 15   26.0
34 16   26.9
34 17   27.7
34 18   28.5
34 19   29.1
34 20   29.6
34 21   30.0
34 22   30.3
34 23   30.5
34 24   30.6
34 25   30.6
34 26   30.5
34 27   30.3
34 28   30.0
34 29   29.6
34 30   29.1
34 31   28.5
34 32   27.7
34 33   26.9
34 34   26.0
34 35   25.0
34 36   23.9
34 37   22.6
34 38   21.3
34 39   19.9
34 40   18.4
34 41   16.7
34 42   15.0
34 43   13.2
34 44   11.2
34 45    9.2
34 46    7.0
34 47    4.8
34 48    2.4
34 49    0.0
33 0    0.0
33 1    2.5
33 2    5.0
33 3    7.3
33 4    9.5
33 5   11.6
33 6   13.6
33 7   15.5
33 8   17.3
33 9   19.0
33 10   20.6
33 11   22.1
33 12   23.4
33 13   24.7
33 14   25.9
33 15   26.9
33 16   27.9
33 17   28.7
33 18   29.5
33 19   30.1
33 20   30.6
33 21   31.0
33 22   31.4
33 23   31.6
33 24   31.7
33 25   31.7
33 26   31.6
33 27   31.4
33 28   31.0
33 29   30.6
33 30   30.1
33 31   29.5
33 32   28.7
33 33   27.9
33 34   26.9
33 35   25.9
33 36   24.7
33 37   23.4
33 38   22.1
33 39   20.6
33 40   19.0
33 41   17.3
33 42   15.5
33 43   13.6
33 44   11.6
33 45    9.5
33 46    7.3
33 47    5.0
33 48    2.5
33 49    0.0
32 0    0.0
32 1    2.6
32 2    5.1
32 3    7.5
32 4    9.8
32 5   12.0
32 6   14.0
32 7   16.0
32 8   17.8
32 9   19.6
32 10   21.2
32 11   22.7
32 12   24.2
32 13   25.5
32 14   26.7
32 15   27.7
32 16   28.7
32 17   29.6
32 18   30.4
32 19   31.0
32 20   31.6
32 21   32.0
32 22   32.3
32 23   32.5
32 24   32.6
32 25   32.6
32 26   32.5
32 27   32.3
32 28   32.0
32 29   31.6
32 30   31.0
32 31   30.4
32 32   29.6
32 33   28.7
32 34   27.7
32 35   26.7
32 36   25.5
32 37   24.2
32 38   22.7
32 39   21.2
32 40   19.6
32 41   17.8
32 42   16.0
32 43   14.0
32 44   12.0
32 45    9.8
32 46    7.5
32 47    5.1
32 48    2.6
32 49    0.0
31 0    0.0
31 1    2.7
31 2    5.2
31 3    7.7
31 4   10.0
31 5   12.3
31 6   14.4
31 7   16.4
31 8   18.3
31 9   20.1
31 10   21.8
31 11   23.3
31 12   24.8
31 13   26.1
31 14   27.3
31 15   28.5
31 16   29.5
31 17   30.4
31 18   31.1
31 19   31.8
31 20   32.4
31 21   32.8
31 22   33.1
31 23   33.4
31 24   33.5
31 25   33.5
31 26   33.4
31 27   33.1
31 28   32.8
31 29   32.4
31 30   31.8
31 31   31.1
31 32   30.4
31 33   29.5
31 34   28.5
31 35   27.3
31 36   26.1
31 37   24.8
31 38   23.3
31 39   21.8
31 40   20.1
31 41   18.3
31 42   16.4
31 43   14.4
31 44   12.3
31 45   10.0
31 46    7.7
31 47    5.2
31 48    2.7
31 49    0.0
30 0    0.0
30 1    2.7
30 2    5.4
30 3    7.9
30 4   10.3
30 5   12.5
30 6   14.7
30 7   16.8
30 8   18.7
30 9   20.5
30 10   22.2
30 11   23.8
30 12   25.3
30 13   26.7
30 14   27.9
30 15   29.1
30 16   30.1
30 17   31.0
30 18   31.8
30 19   32.5
30 20   33.1
30 21   33.5
30 22   33.9
30 23   34.1
30 24   34.2
30 25   34.2
30 26   34.1
30 27   33.9
30 28   33.5
30 29   33.1
30 30   32.5
30 31   31.8
30 32   31.0
30 33   30.1
30 34   29.1
30 35   27.9
30 36   26.7
30 37   25.3
30 38   23.8
30 39   22.2
30 40   20.5
30 41   18.7
30 42   16.8
30 43   14.7
30 44   12.5
30 45   10.3
30 46    7.9
30 47    5.4
30 48    2.7
30 49    0.0
29 0    0.0
29 1    2.8
29 2    5.5
29 3    8.0
29 4   10.4
29 5   12.8
29 6   15.0
29 7   17.1
29 8   19.0
29 9   20.9
29 10   22.6
29 11   24.2
29 12   25.8
29 13   27.1
29 14   28.4
29 15   29.6
29 16   30.6
29 17   31.6
29 18   32.4
29 19   33.1
29 20   33.6
29 21   34.1
29 22   34.5
29 23   34.7
29 24   34.8
29 25   34.8
29 26   34.7
29 27   34.5
29 28   34.1
29 29   33.6
29 30   33.1
29 31   32.4
29 32   31.6
29 33   30.6
29 34   29.6
29 35   28.4
29 36   27.1
29 37   25.8
29 38   24.2
29 39   22.6
29 40   20.9
29 41   19.0
29 42   17.1
29 43   15.0
29 44   12.8
29 45   10.4
29 46    8.0
29 47    5.5
29 48    2.8
29 49    0.0
28 0    0.0
28 1    2.8
28 2    5.5
28 3    8.1
28 4   10.6
28 5   12.9
28 6   15.2
28 7   17.3
28 8   19.3
28 9   21.2
28 10   22.9
28 11   24.6
28 12   26.1
28 13   27.5
28 14   28.8
28 15   30.0
28 16   31.0
28 17   32.0
28 18   32.8
28 19   33.5
28 20   34.1
28 21   34.6
28 22   34.9
28 23   35.2
28 24   35.3
28 25   35.3
28 26   35.2
28 27   34.9
28 28   34.6
28 29   34.1
28 30   33.5
28 31   32.8
28 32   32.0
28 33   31.0
28 34   30.0
28 35   28.8
28 36   27.5
28 37   26.1
28 38   24.6
28 39   22.9
28 40   21.2
28 41   19.3
28 42   17.3
28 43   15.2
28 44   12.9
28 45   10.6
28 46    8.1
28 47    5.5
28 48    2.8
28 49    0.0
27 0    0.0
27 1    2.9
27 2    5.6
27 3    8.2
27 4   10.7
27 5   13.1
27 6   15.3
27 7   17.5
27 8   19.5
27 9   21.4
27 10   23.2
27 11   24.8
27 12   26.4
27 13   27.8
27 14   29.1
27 15   30.3
27 16   31.4
27 17   32.3
27 18   33.1
27 19   33.9
27 20   34.5
27 21   34.9
27 22   35.3
27 23   35.5
27 24   35.6
27 25   35.6
27 26   35.5
27 27   35.3
27 28   34.9
27 29   34.5
27 30   33.9
27 31   33.1
27 32   32.3
27 33   31.4
27 34   30.3
27 35   29.1
27 36   27.8
27 37   26.4
27 38   24.8
27 39   23.2
27 40   21.4
27 41   19.5
27 42   17.5
27 43   15.3
27 44   13.1
27 45   10.7
27 46    8.2
27 47    5.6
27 48    2.9
27 49    0.0
26 0    0.0
26 1    2.9
26 2    5.6
26 3    8.3
26 4   10.8
26 5   13.2
26 6   15.4
26 7   17.6
26 8   19.6
26 9   21.5
26 10   23.3
26 11   25.0
26 12   26.6
26 13   28.0
26 14   29.3
26 15   30.5
26 16   31.6
26 17   32.5
26 18   33.4
26 19   34.1
26 20   34.7
26 21   35.2
26 22   35.5
26 23   35.8
26 24   35.9
26 25   35.9
26 26   35.8
26 27   35.5
26 28   35.2
26 29   34.7
26 30   34.1
26 31   33.4
26 32   32.5
26 33   31.6
26 34   30.5
26 35   29.3
26 36   28.0
26 37   26.6
26 38   25.0
26 39   23.3
26 40   21.5
26 41   19.6
26 42   17.6
26 43   15.4
26 44   13.2
26 45   10.8
26 46    8.3
26 47    5.6
26 48    2.9
26 49    0.0
25 0    0.0
25 1    2.9
25 2    5.6
25 3    8.3
25 4   10.8
25 5   13.2
25 6   15.5
25 7   17.6
25 8   19.7
25 9   21.6
25 10   23.4
25 11   25.1
25 12   26.6
25 13   28.1
25 14   29.4
25 15   30.6
25 16   31.7
25 17   32.6
25 18   33.5
25 19   34.2
25 20   34.8
25 21   35.3
25 22   35.6
25 23   35.9
25 24   36.0
25 25   36.0
25 26   35.9
25 27   35.6
25 28   35.3
25 29   34.8
25 30   34.2
25 31   33.5
25 32   32.6
25 33   31.7
25 34   30.6
25 35   29.4
25 36   28.1
25 37   26.6
25 38   25.1
25 39   23.4
25 40   21.6
25 41   19.7
25 42   17.6
25 43   15.5
25 44   13.2
25 45   10.8
25 46    8.3
25 47    5.6
25 48    2.9
25 49    0.0
24 0    0.0
24 1    2.9
24 2    5.6
24 3    8.3
24 4   10.8
24 5   13.2
24 6   15.5
24 7   17.6
24 8   19.7
24 9   21.6
24 10   23.4
24 11   25.1
24 12   26.6
24 13   28.1
24 14   29.4
24 15   30.6
24 16   31.7
24 17   32.6
24 18   33.5
24 19   34.2
24 20   34.8
24 21   35.3
24 22   35.6
24 23   35.9
24 24   36.0
24 25   36.0
24 26   35.9
24 27   35.6
24 28   35.3
24 29   34.8
24 30   34.2
24 31   33.5
24 32   32.6
24 33   31.7
24 34   30.6
24 35   29.4
24 36   28.1
24 37   26.6
24 38   25.1
24 39   23.4
24 40   21.6
24 41   19.7
24 42   17.6
24 43   15.5
24 44   13.2
24 45   10.8
24 46    8.3
24 47    5.6
24 48    2.9
24 49    0.0
23 0    0.0
23 1    2.9
23 2    5.6
23 3    8.3
23 4   10.8
23 5   13.2
23 6   15.4
23 7   17.6
23 8   19.6
23 9   21.5
23 10   23.3
23 11   25.0
23 12   26.6
23 13   28.0
23 14   29.3
23 15   30.5
23 16   31.6
23 17   32.5
23 18   33.4
23 19   34.1
23 20   34.7
23 21   35.2
23 22   35.5
23 23   35.8
23 24   35.9
23 25   35.9
23 26   35.8
23 27   35.5
23 28   35.2
23 29   34.7
23 30   34.1
23 31   33.4
23 32   32.5
23 33   31.6
23 34   30.5
23 35   29.3
23 36   28.0
23 37   26.6
23 38   25.0
23 39   23.3
23 40   21.5
23 41   19.6
23 42   17.6
23 43   15.4
23 44   13.2
23 45   10.8
23 46    8.3
23 47    5.6
23 48    2.9
23 49    0.0
22 0    0.0
22 1    2.9
22 2    5.6
22 3    8.2
22 4   10.7
22 5   13.1
22 6   15.3
22 7   17.5
22 8   19.5
22 9   21.4
22 10   23.2
22 11   24.8
22 12   26.4
22 13   27.8
22 14   29.1
22 15   30.3
22 16   31.4
22 17   32.3
22 18   33.1
22 19   33.9
22 20   34.5
22 21   34.9
22 22   35.3
22 23   35.5
22 24   35.6
22 25   35.6
22 26   35.5
22 27   35.3
22 28   34.9
22 29   34.5
22 30   33.9
22 31   33.1
22 32   32.3
22 33   31.4
22 34   30.3
22 35   29.1
22 36   27.8
22 37   26.4
22 38   24.8
22 39   23.2
22 40   21.4
22 41   19.5
22 42   17.5
22 43   15.3
22 44   13.1
22 45   10.7
22 46    8.2
22 47    5.6
22 48    2.9
22 49    0.0
21 0    0.0
21 1    2.8
21 2    5.5
21 3    8.1
21 4   10.6
21 5   12.9
21 6   15.2
21 7   17.3
21 8   19.3
21 9   21.2
21 10   22.9
21 11   24.6
21 12   26.1
21 13   27.5
21 14   28.8
21 15   30.0
21 16   31.0
21 17   32.0
21 18   32.8
21 19   33.5
21 20   34.1
21 21   34.6
21 22   34.9
21 23   35.2
21 24   35.3
21 25   35.3
21 26   35.2
21 27   34.9
21 28   34.6
21 29   34.1
21 30   33.5
21 31   32.8
21 32   32.0
21 33   31.0
21 34   30.0
21 35   28.8
21 36   27.5
21 37   26.1
21 38   24.6
21 39   22.9
21 40   21.2
21 41   19.3
21 42   17.3
21 43   15.2
21 44   12.9
21 45   10.6
21 46    8.1
21 47    5.5
21 48    2.8
21 49    0.0
20 0    0.0
20 1    2.8
20 2    5.5
20 3    8.0
20 4   10.4
20 5   12.8
20 6   15.0
20 7   17.1
20 8   19.0
20 9   20.9
20 10   22.6
20 11   24.2
20 12   25.8
20 13   27.1
20 14   28.4
20 15   29.6
20 16   30.6
20 17   31.6
20 18   32.4
20 19   33.1
20 20   33.6
20 21   34.1
20 22   34.5
20 23   34.7
20 24   34.8
20 25   34.8
20 26   34.7
20 27   34.5
20 28   34.1
20 29   33.6
20 30   33.1
20 31   32.4
20 32   31.6
20 33   30.6
20 34   29.6
20 35   28.4
20 36   27.1
20 37   25.8
20 38   24.2
20 39   22.6
20 40   20.9
20 41   19.0
20 42   17.1
20 43   15.0
20 44   12.8
20 45   10.4
20 46    8.0
20 47    5.5
20 48    2.8
20 49    0.0
19 0    0.0
19 1    2.7
19 2    5.4
19 3    7.9
19 4   10.3
19 5   12.5
19 6   14.7
19 7   16.8
19 8   18.7
19 9   20.5
19 10   22.2
19 11   23.8
19 12   25.3
19 13   26.7
19 14   27.9
19 15   29.1
19 16   30.1
19 17   31.0
19 18   31.8
19 19   32.5
19 20   33.1
19 21   33.5
19 22   33.9
19 23   34.1
19 24   34.2
19 25   34.2
19 26   34.1
19 27   33.9
19 28   33.5
19 29   33.1
19 30   32.5
19 31   31.8
19 32   31.0
19 33   30.1
19 34   29.1
19 35   27.9
19 36   26.7
19 37   25.3
19 38   23.8
19 39   22.2
19 40   20.5
19 41   18.7
19 42   16.8
19 43   14.7
19 44   12.5
19 45   10.3
19 46    7.9
19 47    5.4
19 48    2.7
19 49    0.0
18 0    0.0
18 1    2.7
18 2    5.2
18 3    7.7
18 4   10.0
18 5   12.3
18 6   14.4
18 7   16.4
18 8   18.3
18 9   20.1
18 10   21.8
18 11   23.3
18 12   24.8
18 13   26.1
18 14   27.3
18 15   28.5
18 16   29.5
18 17   30.4
18 18   31.1
18 19   31.8
18 20   32.4
18 21   32.8
18 22   33.1
18 23   33.4
18 24   33.5
18 25   33.5
18 26   33.4
18 27   33.1
18 28   32.8
18 29   32.4
18 30   31.8
18 31   31.1
18 32   30.4
18 33   29.5
18 34   28.5
18 35   27.3
18 36   26.1
18 37   24.8
18 38   23.3
18 39   21.8
18 40   20.1
18 41   18.3
18 42   16.4
18 43   14.4
18 44   12.3
18 45   10.0
18 46    7.7
18 47    5.2
18 48    2.7
18 49    0.0
17 0    0.0
17 1    2.6
17 2    5.1
17 3    7.5
17 4    9.8
17 5   12.0
17 6   14.0
17 7   16.0
17 8   17.8
17 9   19.6
17 10   21.2
17 11   22.7
17 12   24.2
17 13   25.5
17 14   26.7
17 15   27.7
17 16   28.7
17 17   29.6
17 18   30.4
17 19   31.0
17 20   31.6
17 21   32.0
17 22   32.3
17 23   32.5
17 24   32.6
17 25   32.6
17 26   32.5
17 27   32.3
17 28   32.0
17 29   31.6
17 30   31.0
17 31   30.4
17 32   29.6
17 33   28.7
17 34   27.7
17 35   26.7
17 36   25.5
17 37   24.2
17 38   22.7
17 39   21.2
17 40   19.6
17 41   17.8
17 42   16.0
17 43   14.0
17 44   12.0
17 45    9.8
17 46    7.5
17 47    5.1
17 48    2.6
17 49    0.0
16 0    0.0
16 1    2.5
16 2    5.0
16 3    7.3
16 4    9.5
16 5   11.6
16 6   13.6
16 7   15.5
16 8   17.3
16 9   19.0
16 10   20.6
16 11   22.1
16 12   23.4
16 13   24.7
16 14   25.9
16 15   26.9
16 16   27.9
16 17   28.7
16 18   29.5
16 19   30.1
16 20   30.6
16 21   31.0
16 22   31.4
16 23   31.6
16 24   31.7
16 25   31.7
16 26   31.6
16 27   31.4
16 28   31.0
16 29   30.6
16 30   30.1
16 31   29.5
16 32   28.7
16 33   27.9
16 34   26.9
16 35   25.9
16 36   24.7
16 37   23.4
16 38   22.1
16 39   20.6
16 40   19.0
16 41   17.3
16 42   15.5
16 43   13.6
16 44   11.6
16 45    9.5
16 46    7.3
16 47    5.0
16 48    2.5
16 49    0.0
15 0    0.0
15 1    2.4
15 2    4.8
15 3    7.0
15 4    9.2
15 5   11.2
15 6   13.2
15 7   15.0
15 8   16.7
15 9   18.4
15 10   19.9
15 11   21.3
15 12   22.6
15 13   23.9
15 14   25.0
15 15   26.0
15 16   26.9
15 17   27.7
15 18   28.5
15 19   29.1
15 20   29.6
15 21   30.0
15 22   30.3
15 23   30.5
15 24   30.6
15 25   30.6
15 26   30.5
15 27   30.3
15 28   30.0
15 29   29.6
15 30   29.1
15 31   28.5
15 32   27.7
15 33   26.9
15 34   26.0
15 35   25.0
15 36   23.9
15 37   22.6
15 38   21.3
15 39   19.9
15 40   18.4
15 41   16.7
15 42   15.0
15 43   13.2
15 44   11.2
15 45    9.2
15 46    7.0
15 47    4.8
15 48    2.4
15 49    0.0
14 0    0.0
14 1    2.4
14 2    4.6
14 3    6.8
14 4    8.8
14 5   10.8
14 6   12.6
14 7   14.4
14 8   16.1
14 9   17.6
14 10   19.1
14 11   20.5
14 12   21.8
14 13   22.9
14 14   24.0
14 15   25.0
14 16   25.9
14 17   26.7
14 18   27.3
14 19   27.9
14 20   28.4
14 21   28.8
14 22   29.1
14 23   29.3
14 24   29.4
14 25   29.4
14 26   29.3
14 27   29.1
14 28   28.8
14 29   28.4
14 30   27.9
14 31   27.3
14 32   26.7
14 33   25.9
14 34   25.0
14 35   24.0
14 36   22.9
14 37   21.8
14 38   20.5
14 39   19.1
14 40   17.6
14 41   16.1
14 42   14.4
14 43   12.6
14 44   10.8
14 45    8.8
14 46    6.8
14 47    4.6
14 48    2.4
14 49    0.0
13 0    0.0
13 1    2.2
13 2    4.4
13 3    6.5
13 4    8.4
13 5   10.3
13 6   12.1
13 7   13.8
13 8   15.4
13 9   16.8
13 10   18.3
13 11   19.6
13 12   20.8
13 13   21.9
13 14   22.9
13 15   23.9
13 16   24.7
13 17   25.5
13 18   26.1
13 19   26.7
13 20   27.1
13 21   27.5
13 22   27.8
13 23   28.0
13 24   28.1
13 25   28.1
13 26   28.0
13 27   27.8
13 28   27.5
13 29   27.1
13 30   26.7
13 31   26.1
13 32   25.5
13 33   24.7
13 34   23.9
13 35   22.9
13 36   21.9
13 37   20.8
13 38   19.6
13 39   18.3
13 40   16.8
13 41   15.4
13 42   13.8
13 43   12.1
13 44   10.3
13 45    8.4
13 46    6.5
13 47    4.4
13 48    2.2
13 49    0.0
12 0    0.0
12 1    2.1
12 2    4.2
12 3    6.1
12 4    8.0
12 5    9.8
12 6   11.5
12 7   13.1
12 8   14.6
12 9   16.0
12 10   17.3
12 11   18.6
12 12   19.7
12 13   20.8
12 14   21.8
12 15   22.6
12 16   23.4
12 17   24.2
12 18   24.8
12 19   25.3
12 20   25.8
12 21   26.1
12 22   26.4
12 23   26.6
12 24   26.6
12 25   26.6
12 26   26.6
12 27   26.4
12 28   26.1
12 29   25.8
12 30   25.3
12 31   24.8
12 32   24.2
12 33   23.4
12 34   22.6
12 35   21.8
12 36   20.8
12 37   19.7
12 38   18.6
12 39   17.3
12 40   16.0
12 41   14.6
12 42   13.1
12 43   11.5
12 44    9.8
12 45    8.0
12 46    6.1
12 47    4.2
12 48    2.1
12 49    0.0
11 0    0.0
11 1    2.0
11 2    3.9
11 3    5.8
11 4    7.5
11 5    9.2
11 6   10.8
11 7   12.3
11 8   13.7
11 9   15.0
11 10   16.3
11 11   17.5
11 12   18.6
11 13   19.6
11 14   20.5
11 15   21.3
11 16   22.1
11 17   22.7
11 18   23.3
11 19   23.8
11 20   24.2
11 21   24.6
11 22   24.8
11 23   25.0
11 24   25.1
11 25   25.1
11 26   25.0
11 27   24.8
11 28   24.6
11 29   24.2
11 30   23.8
11 31   23.3
11 32   22.7
11 33   22.1
11 34   21.3
11 35   20.5
11 36   19.6
11 37   18.6
11 38   17.5
11 39   16.3
11 40   15.0
11 41   13.7
11 42   12.3
11 43   10.8
11 44    9.2
11 45    7.5
11 46    5.8
11 47    3.9
11 48    2.0
11 49    0.0
10 0    0.0
10 1    1.9
10 2    3.7
10 3    5.4
10 4    7.0
10 5    8.6
10 6   10.1
10 7   11.5
10 8   12.8
10 9   14.0
10 10   15.2
10 11   16.3
10 12   17.3
10 13   18.3
10 14   19.1
10 15   19.9
10 16   20.6
10 17   21.2
10 18   21.8
10 19   22.2
10 20   22.6
10 21   22.9
10 22   23.2
10 23   23.3
10 24   23.4
10 25   23.4
10 26   23.3
10 27   23.2
10 28   22.9
10 29   22.6
10 30   22.2
10 31   21.8
10 32   21.2
10 33   20.6
10 34   19.9
10 35   19.1
10 36   18.3
10 37   17.3
10 38   16.3
10 39   15.2
10 40   14.0
10 41   12.8
10 42   11.5
10 43   10.1
10 44    8.6
10 45    7.0
10 46    5.4
10 47    3.7
10 48    1.9
10 49    0.0
9 0    0.0
9 1    1.7
9 2    3.4
9 3    5.0
9 4    6.5
9 5    7.9
9 6    9.3
9 7   10.6
9 8   11.8
9 9   13.0
9 10   14.0
9 11   15.0
9 12   16.0
9 13   16.8
9 14   17.6
9 15   18.4
9 16   19.0
9 17   19.6
9 18   20.1
9 19   20.5
9 20   20.9
9 21   21.2
9 22   21.4
9 23   21.5
9 24   21.6
9 25   21.6
9 26   21.5
9 27   21.4
9 28   21.2
9 29   20.9
9 30   20.5
9 31   20.1
9 32   19.6
9 33   19.0
9 34   18.4
9 35   17.6
9 36   16.8
9 37   16.0
9 38   15.0
9 39   14.0
9 40   13.0
9 41   11.8
9 42   10.6
9 43    9.3
9 44    7.9
9 45    6.5
9 46    5.0
9 47    3.4
9 48    1.7
9 49    0.0
8 0    0.0
8 1    1.6
8 2    3.1
8 3    4.5
8 4    5.9
8 5    7.2
8 6    8.5
8 7    9.6
8 8   10.8
8 9   11.8
8 10   12.8
8 11   13.7
8 12   14.6
8 13   15.4
8 14   16.1
8 15   16.7
8 16   17.3
8 17   17.8
8 18   18.3
8 19   18.7
8 20   19.0
8 21   19.3
8 22   19.5
8 23   19.6
8 24   19.7
8 25   19.7
8 26   19.6
8 27   19.5
8 28   19.3
8 29   19.0
8 30   18.7
8 31   18.3
8 32   17.8
8 33   17.3
8 34   16.7
8 35   16.1
8 36   15.4
8 37   14.6
8 38   13.7
8 39   12.8
8 40   11.8
8 41   10.8
8 42    9.6
8 43    8.5
8 44    7.2
8 45    5.9
8 46    4.5
8 47    3.1
8 48    1.6
8 49    0.0
7 0    0.0
7 1    1.4
7 2    2.8
7 3    4.1
7 4    5.3
7 5    6.5
7 6    7.6
7 7    8.6
7 8    9.6
7 9   10.6
7 10   11.5
7 11   12.3
7 12   13.1
7 13   13.8
7 14   14.4
7 15   15.0
7 16   15.5
7 17   16.0
7 18   16.4
7 19   16.8
7 20   17.1
7 21   17.3
7 22   17.5
7 23   17.6
7 24   17.6
7 25   17.6
7 26   17.6
7 27   17.5
7 28   17.3
7 29   17.1
7 30   16.8
7 31   16.4
7 32   16.0
7 33   15.5
7 34   15.0
7 35   14.4
7 36   13.8
7 37   13.1
7 38   12.3
7 39   11.5
7 40   10.6
7 41    9.6
7 42    8.6
7 43    7.6
7 44    6.5
7 45    5.3
7 46    4.1
7 47    2.8
7 48    1.4
7 49    0.0
6 0    0.0
6 1    1.2
6 2    2.4
6 3    3.6
6 4    4.6
6 5    5.7
6 6    6.7
6 7    7.6
6 8    8.5
6 9    9.3
6 10   10.1
6 11   10.8
6 12   11.5
6 13   12.1
6 14   12.6
6 15   13.2
6 16   13.6
6 17   14.0
6 18   14.4
6 19   14.7
6 20   15.0
6 21   15.2
6 22   15.3
6 23   15.4
6 24   15.5
6 25   15.5
6 26   15.4
6 27   15.3
6 28   15.2
6 29   15.0
6 30   14.7
6 31   14.4
6 32   14.0
6 33   13.6
6 34   13.2
6 35   12.6
6 36   12.1
6 37   11.5
6 38   10.8
6 39   10.1
6 40    9.3
6 41    8.5
6 42    7.6
6 43    6.7
6 44    5.7
6 45    4.6
6 46    3.6
6 47    2.4
6 48    1.2
6 49    0.0
5 0    0.0
5 1    1.1
5 2    2.1
5 3    3.0
5 4    4.0
5 5    4.8
5 6    5.7
5 7    6.5
5 8    7.2
5 9    7.9
5 10    8.6
5 11    9.2
5 12    9.8
5 13   10.3
5 14   10.8
5 15   11.2
5 16   11.6
5 17   12.0
5 18   12.3
5 19   12.5
5 20   12.8
5 21   12.9
5 22   13.1
5 23   13.2
5 24   13.2
5 25   13.2
5 26   13.2
5 27   13.1
5 28   12.9
5 29   12.8
5 30   12.5
5 31   12.3
5 32   12.0
5 33   11.6
5 34   11.2
5 35   10.8
5 36   10.3
5 37    9.8
5 38    9.2
5 39    8.6
5 40    7.9
5 41    7.2
5 42    6.5
5 43    5.7
5 44    4.8
5 45    4.0
5 46    3.0
5 47    2.1
5 48    1.1
5 49    0.0
4 0    0.0
4 1    0.9
4 2    1.7
4 3    2.5
4 4    3.2
4 5    4.0
4 6    4.6
4 7    5.3
4 8    5.9
4 9    6.5
4 10    7.0
4 11    7.5
4 12    8.0
4 13    8.4
4 14    8.8
4 15    9.2
4 16    9.5
4 17    9.8
4 18   10.0
4 19   10.3
4 20   10.4
4 21   10.6
4 22   10.7
4 23   10.8
4 24   10.8
4 25   10.8
4 26   10.8
4 27   10.7
4 28   10.6
4 29   10.4
4 30   10.3
4 31   10.0
4 32    9.8
4 33    9.5
4 34    9.2
4 35    8.8
4 36    8.4
4 37    8.0
4 38    7.5
4 39    7.0
4 40    6.5
4 41    5.9
4 42    5.3
4 43    4.6
4 44    4.0
4 45    3.2
4 46    2.5
4 47    1.7
4 48    0.9
4 49    0.0
3 0    0.0
3 1    0.7
3 2    1.3
3 3    1.9
3 4    2.5
3 5    3.0
3 6    3.6
3 7    4.1
3 8    4.5
3 9    5.0
3 10    5.4
3 11    5.8
3 12    6.1
3 13    6.5
3 14    6.8
3 15    7.0
3 16    7.3
3 17    7.5
3 18    7.7
3 19    7.9
3 20    8.0
3 21    8.1
3 22    8.2
3 23    8.3
3 24    8.3
3 25    8.3
3 26    8.3
3 27    8.2
3 28    8.1
3 29    8.0
3 30    7.9
3 31    7.7
3 32    7.5
3 33    7.3
3 34    7.0
3 35    6.8
3 36    6.5
3 37    6.1
3 38    5.8
3 39    5.4
3 40    5.0
3 41    4.5
3 42    4.1
3 43    3.6
3 44    3.0
3 45    2.5
3 46    1.9
3 47    1.3
3 48    0.7
3 49    0.0
2 0    0.0
2 1    0.5
2 2    0.9
2 3    1.3
2 4    1.7
2 5    2.1
2 6    2.4
2 7    2.8
2 8    3.1
2 9    3.4
2 10    3.7
2 11    3.9
2 12    4.2
2 13    4.4
2 14    4.6
2 15    4.8
2 16    5.0
2 17    5.1
2 18    5.2
2 19    5.4
2 20    5.5
2 21    5.5
2 22    5.6
2 23    5.6
2 24    5.6
2 25    5.6
2 26    5.6
2 27    5.6
2 28    5.5
2 29    5.5
2 30    5.4
2 31    5.2
2 32    5.1
2 33    5.0
2 34    4.8
2 35    4.6
2 36    4.4
2 37    4.2
2 38    3.9
2 39    3.7
2 40    3.4
2 41    3.1
2 42    2.8
2 43    2.4
2 44    2.1
2 45    1.7
2 46    1.3
2 47    0.9
2 48    0.5
2 49    0.0
1 0    0.0
1 1    0.2
1 2    0.5
1 3    0.7
1 4    0.9
1 5    1.1
1 6    1.2
1 7    1.4
1 8    1.6
1 9    1.7
1 10    1.9
1 11    2.0
1 12    2.1
1 13    2.2
1 14    2.4
1 15    2.4
1 16    2.5
1 17    2.6
1 18    2.7
1 19    2.7
1 20    2.8
1 21    2.8
1 22    2.9
1 23    2.9
1 24    2.9
1 25    2.9
1 26    2.9
1 27    2.9
1 28    2.8
1 29    2.8
1 30    2.7
1 31    2.7
1 32    2.6
1 33    2.5
1 34    2.4
1 35    2.4
1 36    2.2
1 37    2.1
1 38    2.0
1 39    1.9
1 40    1.7
1 41    1.6
1 42    1.4
1 43    1.2
1 44    1.1
1 45    0.9
1 46    0.7
1 47    0.5
1 48    0.2
1 49    0.0
0 0    0.0
0 1    0.0
0 2    0.0
0 3    0.0
0 4    0.0
0 5    0.0
0 6    0.0
0 7    0.0
0 8    0.0
0 9    0.0
0 10    0.0
0 11    0.0
0 12    0.0
0 13    0.0
0 14    0.0
0 15    0.0
0 16    0.0
0 17    0.0
0 18    0.0
0 19    0.0
0 20    0.0
0 21    0.0
0 22    0.0
0 23    0.0
0 24    0.0
0 25    0.0
0 26    0.0
0 27    0.0
0 28    0.0
0 29    0.0
0 30    0.0
0 31    0.0
0 32    0.0
0 33    0.0
0 34    0.0
0 35    0.0
0 36    0.0
0 37    0.0
0 38    0.0
0 39    0.0
0 40    0.0
0 41    0.0
0 42    0.0
0 43    0.0
0 44    0.0
0 45    0.0
0 46    0.0
0 47    0.0
0 48    0.0
0 49    0.0
